0.00341926886351
0.01080436005944
0.01897792781924
0.02801656240176
0.03800254425605
0.04902385527530
0.06117407489087
0.07455213234554
0.08926188319634
0.10541147533638
0.12311246799910
0.14247866683150
0.16362463980892
0.18666388321028
0.21170661482046
0.23885718369171
0.26821110277163
0.29985173282543
0.33384667325798
0.37024394699220
0.40906810103285
0.45031637940232
0.49395515753547
0.53991685293617
0.58809754143389
0.63835550728771
0.69051093496771
0.74434690854232
0.79961182135613
0.85602321707200
0.91327298912796
0.97103376776787
1.02896623223213
1.08672701087204
1.14397678292800
1.20038817864387
1.25565309145768
1.30948906503229
1.36164449271229
1.41190245856611
1.46008314706383
1.50604484246453
1.54968362059768
1.59093189896715
1.62975605300780
1.66615332674202
1.70014826717457
1.73178889722837
1.76114281630829
1.78829338517954
1.81333611678972
1.83637536019108
1.85752133316850
1.87688753200090
1.89458852466362
1.91073811680366
1.92544786765446
1.93882592510913
1.95097614472470
1.96199745574395
1.97198343759824
1.98102207218076
1.98919563994056
1.99658073113649
0.00000000000000
0.00701782176252
0.01478793003781
0.02338410322241
0.03288576909014
0.04337806397178
0.05495178979465
0.06770324206269
0.08173387842736
0.09714979443040
0.11406097064814
0.13258025429524
0.15282203891752
0.17490060877870
0.19892812064967
0.22501220568126
0.25325318855001
0.28374094059509
0.31655140835743
0.35174288842641
0.38935215274627
0.42939056364884
0.47184035206764
0.51665126198887
0.56373778489364
0.61297721519574
0.66420874730969
0.71723380396672
0.77181773263757
0.82769293393296
0.88456339711375
0.94211052068617
1.00000000000000
1.05788947931383
1.11543660288625
1.17230706606704
1.22818226736243
1.28276619603328
1.33579125269031
1.38702278480426
1.43626221510636
1.48334873801113
1.52815964793236
1.57060943635116
1.61064784725373
1.64825711157359
1.68344859164257
1.71625905940491
1.74674681144999
1.77498779431874
1.80107187935033
1.82509939122130
1.84717796108248
1.86741974570476
1.88593902935186
1.90285020556960
1.91826612157264
1.93229675793731
1.94504821020535
1.95662193602822
1.96711423090986
1.97661589677759
1.98521206996219
1.99298217823748
2.00000000000000
